# ==============================================================================
# AMPL Data File: running example
# SCC-VRP with 4 Carriers and 7 Customers
# ==============================================================================
set N :=  1 2 3 4 5 6 7 ;
set C :=  1 2 3 4 ;
set K[1] := 1;
set K[2] := 2;
set K[3] := 3;
set K[4] := 4;
set o :=  o1 o2 o3 o4 ;
param Q :=  100 ;
param dist: o1 o2 o3 o4 1 2 3 4 5 6 7 :=
o1 0 110 155.56 110 14.14 10 14.14 10 10 10 10
o2 110 0 110 155.56 120.42 120 120.42 110.45 110.45 120 100
o3 155.56 110 0 110 169.71 162.79 156.21 162.79 148.66 162.79 148.66
o4 110 155.56 110 0 120.42 110.45 100.5 120 100 110.45 110.45
1 14.14 120.42 169.71 120.42 0 10 20 10 22.36 10 22.36
2 10 120 162.79 110.45 10 0 10 14.14 14.14 0 20
3 14.14 120.42 156.21 100.5 20 10 0 22.36 10 10 22.36
4 10 110.45 162.79 120 10 14.14 22.36 0 20 14.14 14.14
5 10 110.45 148.66 100 22.36 14.14 10 20 0 14.14 14.14
6 10 120 162.79 110.45 10 0 10 14.14 14.14 0 20
7 10 100 148.66 110.45 22.36 20 22.36 14.14 14.14 20 0
;
param d:  1 2 3 4  :=
1 0 12 0 0
2 12 8 0 0
3 12 0 8 8
4 12 0 8 8
5 12 0 0 8
6 12 4 0 0
7 12 0 4 4
;